PARAMS	22																						
EPOCHS	8	52800																					
Stimulus.epochName	Interleave	Unc	Unc	5Hz P+	5Hz R+	5Hz P-	5Hz R-	15Hz P+	15Hz R+	15Hz P-	15Hz R-	30Hz P+	30Hz R+	30Hz P-	30Hz R-	60Hz P+	60Hz R+	60Hz P-	60Hz R-	180Hz P+	180Hz R+	180Hz P-	180Hz R-
Stimulus.stimtype	10029	10029	10029	10029	10029	10029	10029	10029	10029	10029	10029	10029	10029	10029	10029	10029	10029	10029	10029	10029	10029	10029	10029
Stimulus.ordertype	4	4	4	4	4	4	4	4	4	4	4	4	4	4	4	4	4	4	4	4	4	4	4
Stimulus.repeats	1	1	1	1	1	1	1	1	1	1	1	1	1	1	1	1	1	1	1	1	1	1	1
Stimulus.duration	240	240	240	240	240	240	240	240	240	240	240	240	240	240	240	240	240	240	240	240	240	240	240
Stimulus.twoEyes	0	0	0	0	0	0	0	0	0	0	0	0	0	0	0	0	0	0	0	0	0	0	0
Stimulus.updateRate	60	60	60	5	5	5	5	15	15	15	15	30	30	30	30	60	60	60	60	180	180	180	180
Stimulus.dx	[]	[]	[]	[1]	-[1]	[1]	-[1]	[1]	-[1]	[1]	-[1]	[1]	-[1]	[1]	-[1]	[1]	-[1]	[1]	-[1]	[1]	-[1]	[1]	-[1]
Stimulus.dy	[]	[]	[]	[0]	[0]	[0]	[0]	[0]	[0]	[0]	[0]	[0]	[0]	[0]	[0]	[0]	[0]	[0]	[0]	[0]	[0]	[0]	[0]
Stimulus.dt	[]	[]	[]	[1]	[1]	[1]	[1]	[1]	[1]	[1]	[1]	[1]	[1]	[1]	[1]	[1]	[1]	[1]	[1]	[1]	[1]	[1]	[1]
Stimulus.parity	1	1	1	1	1	-1	-1	1	1	-1	-1	1	1	-1	-1	1	1	-1	-1	1	1	-1	-1
Stimulus.numDegX	5	5	5	5	5	5	5	5	5	5	5	5	5	5	5	5	5	5	5	5	5	5	5
Stimulus.numDegY	0	0	0	0	0	0	0	0	0	0	0	0	0	0	0	0	0	0	0	0	0	0	0
Stimulus.eyeDist	0	0	0	0	0	0	0	0	0	0	0	0	0	0	0	0	0	0	0	0	0	0	0
Stimulus.framesPerUp	3	3	3	3	3	3	3	3	3	3	3	3	3	3	3	3	3	3	3	3	3	3	3
Stimulus.c	0	1	1	1	1	1	1	1	1	1	1	1	1	1	1	1	1	1	1	1	1	1	1
Stimulus.totalTime	52800	52800	52800	52800	52800	52800	52800	52800	52800	52800	52800	52800	52800	52800	52800	52800	52800	52800	52800	52800	52800	52800	52800
